layout_spectrum: 0.8651987
color:
  saturation: 0.301666
  lightness: 0.139544
  brandStrength: 0.9440664
  rhythmicContrast: 0.8024598
typography_spectrum: 0.2435877
name: 'Yup!'
